%YAML:1.0
---
image_width: 1456
image_height: 1088
chessboard_size: !!opencv-matrix
   rows: 2
   cols: 1
   dt: d
   data: [ 8., 5. ]
square_size_m: 2.9999999999999999e-02
camera_matrix_left: !!opencv-matrix
   rows: 3
   cols: 3
   dt: d
   data: [ 8.5540621683877157e+02, 0., 7.2491938473902383e+02, 0.,
       8.5290686371161974e+02, 5.9956025022688209e+02, 0., 0., 1. ]
dist_coeffs_left: !!opencv-matrix
   rows: 1
   cols: 5
   dt: d
   data: [ -3.7782356293451791e-01, 1.7126133604927909e-01,
       -1.4876174535493978e-03, -1.5660093070107826e-04,
       -4.1596830694829980e-02 ]
camera_matrix_right: !!opencv-matrix
   rows: 3
   cols: 3
   dt: d
   data: [ 8.5718443816077956e+02, 0., 7.1941063509441096e+02, 0.,
       8.5439836493152427e+02, 5.5787598640058229e+02, 0., 0., 1. ]
dist_coeffs_right: !!opencv-matrix
   rows: 1
   cols: 5
   dt: d
   data: [ -3.7730867916532351e-01, 1.6849602391222726e-01,
       2.3125760025855839e-03, 1.3070627167405722e-03,
       -3.9166644032554702e-02 ]
R: !!opencv-matrix
   rows: 3
   cols: 3
   dt: d
   data: [ 9.9897082947613514e-01, 1.1904547189119288e-03,
       -4.5341643919521259e-02, 1.5540465943254106e-04,
       9.9955980932814315e-01, 2.9667548353005935e-02,
       4.5357002823756619e-02, -2.9644061689457112e-02,
       9.9853090683333257e-01 ]
T: !!opencv-matrix
   rows: 3
   cols: 1
   dt: d
   data: [ -9.4301978651185073e-02, -1.4748339019139108e-03,
       1.0597976678661082e-03 ]
E: !!opencv-matrix
   rows: 3
   cols: 3
   dt: d
   data: [ -6.7058742949323381e-05, -1.0156110876486191e-03,
       -1.5041088320624603e-03, 5.3359620673127175e-03,
       -2.7942320314387949e-03, 9.4115387290262281e-02,
       1.4586610794583622e-03, -9.4258712076867035e-02,
       -2.8645799050391850e-03 ]
F: !!opencv-matrix
   rows: 3
   cols: 3
   dt: d
   data: [ -3.0558893978329875e-08, -4.6417361475673017e-07,
       -2.8586610785750501e-04, 2.4395449611102168e-06,
       -1.2812366486020018e-06, 3.5806595621954658e-02,
       -7.6919430938591994e-04, -3.5878702945569885e-02, 1. ]
R1: !!opencv-matrix
   rows: 3
   cols: 3
   dt: d
   data: [ 9.9827841213992663e-01, 1.7153019646529471e-02,
       -5.6089087819223185e-02, -1.6308744409769423e-02,
       9.9974723223794015e-01, 1.5475674084020197e-02,
       5.6340364847625633e-02, -1.4534288753969870e-02,
       9.9830582375304844e-01 ]
R2: !!opencv-matrix
   rows: 3
   cols: 3
   dt: d
   data: [ 9.9981460476439343e-01, 1.5636580438991583e-02,
       -1.1236256137821260e-02, -1.5803498624137102e-02,
       9.9976374368640653e-01, -1.4923345515596452e-02,
       1.1000251408794062e-02, 1.5098150956853060e-02,
       9.9982550492904876e-01 ]
P1: !!opencv-matrix
   rows: 3
   cols: 4
   dt: d
   data: [ 9.2158712671990145e+02, 0., 7.7239611816406250e+02, 0., 0.,
       9.2158712671990145e+02, 5.7837937164306641e+02, 0., 0., 0., 1.,
       0. ]
P2: !!opencv-matrix
   rows: 3
   cols: 4
   dt: d
   data: [ 9.2158712671990145e+02, 0., 7.7239611816406250e+02,
       -8.6923604771333487e+01, 0., 9.2158712671990145e+02,
       5.7837937164306641e+02, 0., 0., 0., 1., 0. ]
Q: !!opencv-matrix
   rows: 4
   cols: 4
   dt: d
   data: [ 1., 0., 0., -7.7239611816406250e+02, 0., 1., 0.,
       -5.7837937164306641e+02, 0., 0., 0., 9.2158712671990145e+02, 0.,
       0., 1.0602265393206880e+01, 0. ]
baseline_m: 9.4319465030626701e-02
focal_length_px: 9.2158712671990145e+02
stereo_rms_error_px: 1.4205780292737245e+00
